# Created by Octave 2.1.71, Tue Aug 23 10:39:56 2005 CEST <hermanek@staflik>
# name: h
# type: matrix
# rows: 512
# columns: 1
 3.7796998403059e-06
 3.7030109057783e-06
 3.62015665092878e-06
 3.52885591959567e-06
 3.42616806159575e-06
 3.30827879419099e-06
 3.17019069580017e-06
 3.00531702187507e-06
 2.80487956512997e-06
 2.55709918562149e-06
 2.2460210068941e-06
 1.84985262725619e-06
 1.33860861018346e-06
 6.7079003992883e-07
 -2.11229942340278e-07
 -1.38732665204306e-06
 -2.9672656511485e-06
 -5.09862908367982e-06
 -7.97072429841671e-06
 -1.18021161724337e-05
 -1.67787492489252e-05
 -2.2857201638331e-05
 -2.92142464536761e-05
 -3.27698526658798e-05
 -2.42701913654963e-05
 2.13414837549834e-05
 0.000145841934245086
 0.00223618359789298
 0.00461619166494137
 0.00485853457222214
 0.00409125506157364
 0.003637910963319
 0.00390799025715067
 0.00387156734351597
 0.00342702967629576
 0.00282425027491058
 0.00215291901336826
 0.00159221928395354
 0.00121851709935027
 0.000984670951038971
 0.000848494522531358
 0.000764761537825156
 0.00068650839578378
 0.000596423152373992
 0.00049323080643044
 0.000380689013399006
 0.0002680909438009
 0.000162487511658027
 6.56720236271317e-05
 -2.40089971686006e-05
 -0.000108439475329117
 -0.000188054561712387
 -0.000262492618972334
 -0.000331191133614276
 -0.000393888011147437
 -0.000451071186885703
 -0.000503602572582989
 -0.000552358266085993
 -0.000598013880165558
 -0.000640925892940824
 -0.000681181776975671
 -0.000718742222521751
 -0.000753561062558394
 -0.000785674651273059
 -0.000815181414045474
 -0.000842239850742497
 -0.000866995273787172
 -0.000889598010412196
 -0.000910140804743373
 -0.000928665078409073
 -0.000945171467351722
 -0.000959679061782532
 -0.000972305040848444
 -0.000983225869040247
 -0.000992666442858412
 -0.00100080934421769
 -0.0010077782972416
 -0.00101365336783469
 -0.00101847678263205
 -0.00102230314305478
 -0.00102517673335038
 -0.00102713629285345
 -0.00102820181194459
 -0.00102839295064187
 -0.00102771567568331
 -0.00102620280672542
 -0.00102388775211203
 -0.00102081606870942
 -0.00101703436675465
 -0.00101258758852768
 -0.00100751548256041
 -0.00100185231121189
 -0.000995630134694395
 -0.000988877980474094
 -0.000981624159687189
 -0.00097389761879329
 -0.000965727019626978
 -0.000957139848659724
 -0.000948163783192067
 -0.000938824002990739
 -0.000929145936094476
 -0.000919151677908644
 -0.00090886365579165
 -0.000898302829055221
 -0.000887488729245483
 -0.000876440836575224
 -0.000865176792924719
 -0.000853714237514354
 -0.000842069018883623
 -0.000830257475228484
 -0.000818293739754747
 -0.000806193371666455
 -0.000793968849281721
 -0.000781633229329778
 -0.000769199678770645
 -0.000756679684400809
 -0.000744083993877528
 -0.000731423972739657
 -0.000718708907075404
 -0.000705949186220155
 -0.00069315359028006
 -0.000680330675341855
 -0.00066748922339938
 -0.000654637340878078
 -0.000641781586006377
 -0.00062893013541729
 -0.000616088718916907
 -0.000603264260538181
 -0.000590462609841714
 -0.000577689465295935
 -0.000564949931364887
 -0.00055224942685164
 -0.000539592781595364
 -0.000526984253383439
 -0.000514427990179989
 -0.00050192847769427
 -0.000489489189934516
 -0.000477113956963694
 -0.000464805615078643
 -0.000452567819863306
 -0.00044040368168922
 -0.000428315336072016
 -0.000416305756340186
 -0.000404377388759406
 -0.000392532613849203
 -0.00038077374739536
 -0.000369101704451242
 -0.000357519608585857
 -0.000346028263716389
 -0.000334629792569025
 -0.00032332558827534
 -0.000312116693314303
 -0.000301004567637112
 -0.000289990272410364
 -0.000279074883120406
 -0.000268259310181898
 -0.000257544437265183
 -0.00024693098783672
 -0.000236419663391872
 -0.000226011099035596
 -0.000215705820495004
 -0.000205504247100729
 -0.000195406872975494
 -0.000185413952206985
 -0.000175525818036322
 -0.000165742657079918
 -0.00015606469187267
 -0.000146492001066829
 -0.000137024701924767
 -0.000127662815034891
 -0.000118406311624838
 -0.000109255159389163
 -0.000100209277729266
 -9.12684944323489e-05
 -8.24327265917936e-05
 -7.37017546502525e-05
 -6.50753602013472e-05
 -5.65532811482838e-05
 -4.81353020023716e-05
 -3.98210738980927e-05
 -3.16102969058117e-05
 -2.3502629137702e-05
 -1.54976878897147e-05
 -7.59518446222566e-06
 2.05390999548626e-07
 7.90440607632727e-06
 1.55022244711054e-05
 2.29993845763057e-05
 3.03963266397766e-05
 3.76934851630753e-05
 4.4891333799252e-05
 5.19903842425805e-05
 5.89911405719249e-05
 6.58940996121554e-05
 7.26997512853333e-05
 7.94086680847247e-05
 8.60213688430107e-05
 9.25383651115326e-05
 9.89602060675047e-05
 0.000105287477413125
 0.000111520711161869
 0.000117660432007593
 0.000123707202221903
 0.000129661620543693
 0.000135524231956156
 0.000141295618613283
 0.000146976354163669
 0.000152567004093043
 0.000158068081490825
 0.000163480227071375
 0.000168804026897396
 0.000174040014177076
 0.000179188760154613
 0.000184250872965339
 0.00018922690737922
 0.000194117455694741
 0.000198923057464562
 0.000203644290371977
 0.000208281769072358
 0.000212836010356947
 0.000217307614598625
 0.000221697129437124
 0.000226005162927101
 0.000230232239039817
 0.000234378934095577
 0.0002384458082929
 0.00024243342409309
 0.000246342332821905
 0.000250173092895777
 0.000253926260725078
 0.000257602386362121
 0.000261202018201434
 0.000264725703073142
 0.000268173986332407
 0.000271547411945025
 0.000274846522569281
 0.00027807185072087
 0.000281223936960508
 0.000284303316302893
 0.000287310513971191
 0.000290246063571682
 0.000293110493490081
 0.000295904327090335
 0.000298628082907479
 0.000301282288204619
 0.000303867456441539
 0.000306384105572375
 0.000308832749019186
 0.00031121389584576
 0.000313528059839397
 0.000315775741561231
 0.000317957455536604
 0.000320073694182279
 0.000322124964192482
 0.000324111763826241
 0.000326034592114425
 0.00032789393994612
 0.000329690299266366
 0.000331424167523386
 0.000333096029688026
 0.000334706372044067
 0.000336255682168807
 0.000337744444455853
 0.00033917314023665
 0.000340542247897989
 0.000341852247452237
 0.000343103616047257
 0.000344296828075387
 0.000345432355278711
 0.00034651067130736
 0.000347532251674445
 0.000348497555883941
 0.000349407059153942
 0.00035026122073232
 0.000351060515616407
 0.000351805393951899
 0.000352496326405493
 0.000353133767868045
 0.000353718184708239
 0.000354250027675463
 0.00035472975914763
 0.000355157830485013
 0.000355534691302745
 0.000355860807361559
 0.000356136615490172
 0.000356362577995062
 0.000356539141742
 0.000356666747564881
 0.000356745852746658
 0.000356776894842696
 0.000356760327965568
 0.000356696586603833
 0.000356586117445742
 0.000356429365620077
 0.000356226770286756
 0.000355978773738465
 0.000355685807927699
 0.000355348317077554
 0.000354966735002282
 0.000354541498804049
 0.000354073048762386
 0.000353561814854936
 0.000353008230448856
 0.000352412727728404
 0.000351775737723735
 0.000351097699251374
 0.000350379031913603
 0.000349620172354409
 0.000348821542506817
 0.000347983576789457
 0.000347106699410506
 0.000346191333591687
 0.000345237910498522
 0.000344246846686436
 0.000343218571290565
 0.000342153503323147
 0.000341052065347789
 0.000339914683347052
 0.000338741768765338
 0.000337533745692797
 0.000336291037070289
 0.000335014051331842
 0.000333703209585394
 0.000332358931814675
 0.00033098162351868
 0.000329571711802809
 0.000328129600095051
 0.000326655700071054
 0.000325150435821175
 0.000323614203313124
 0.00032204742028427
 0.000320450498777211
 0.000318823840831939
 0.000317167856600609
 0.000315482950686385
 0.000313769535657012
 0.00031202800501537
 0.000310258769427471
 0.000308462233856017
 0.000306638793247856
 0.000304788855100859
 0.000302912816741894
 0.000301011078982323
 0.000299084032597545
 0.000297132085348374
 0.000295155625743844
 0.000293155054810641
 0.000291130758911413
 0.000289083136910478
 0.000287012577447941
 0.000284919472591476
 0.000282804213225586
 0.000280667189043324
 0.000278508784080995
