# Created by Octave 2.1.71, Tue Aug 23 10:39:56 2005 CEST <hermanek@staflik>
# name: h
# type: matrix
# rows: 512
# columns: 1
 4.09454818410542e-06
 4.02297553704201e-06
 3.94685502163209e-06
 3.86422906177587e-06
 3.77256315285839e-06
 3.6685645963365e-06
 3.54789586499727e-06
 3.40483953396276e-06
 3.23176046081596e-06
 3.01840305477481e-06
 2.75085087346041e-06
 2.41008390309718e-06
 1.96992401415093e-06
 1.39414368664783e-06
 6.32511645739991e-07
 -3.84452272853591e-07
 -1.75173428738314e-06
 -3.59590395159458e-06
 -6.07636264182162e-06
 -9.36942184715992e-06
 -1.36014662796672e-05
 -1.86457068376656e-05
 -2.35597569878175e-05
 -2.50738503860011e-05
 -1.35787826501401e-05
 3.3904137648469e-05
 0.000350165096607499
 0.0023332996722968
 0.00344557871008809
 0.00344781702590748
 0.0036727481562311
 0.00360715366284418
 0.00331747109237701
 0.00319066377280468
 0.00298146592897014
 0.0027746841738749
 0.00269727392010521
 0.0025468522268472
 0.00221080435131014
 0.00176534372612438
 0.00137821914343858
 0.0010877183508483
 0.000866511860400252
 0.000694496067313947
 0.000562577307957802
 0.000455715346963417
 0.00035846557851828
 0.000264342998907206
 0.000171011991571846
 7.79359574817625e-05
 -1.34880006388832e-05
 -0.000100543637405051
 -0.00018147570198159
 -0.000256079545448867
 -0.000324782920711284
 -0.000388166729478478
 -0.000446893119360586
 -0.000501618006218191
 -0.000552786045429178
 -0.000600655022595651
 -0.000645377472396793
 -0.000687053002449788
 -0.000725756690665212
 -0.000761579959081529
 -0.000794634489940494
 -0.000825060466237105
 -0.000852998886497129
 -0.000878591497963199
 -0.000901971817775681
 -0.0009232475285226
 -0.000942505725124049
 -0.000959755609177766
 -0.000974984447845176
 -0.000988283069484629
 -0.00099989157215287
 -0.00101010536925253
 -0.001019112892118
 -0.00102700783830177
 -0.00103382334790481
 -0.00103951163638959
 -0.00104399561013597
 -0.00104720102681668
 -0.00104915448312288
 -0.00104994901070438
 -0.00104971965381327
 -0.00104857524054193
 -0.00104660408231816
 -0.00104385409656025
 -0.00104036393521393
 -0.0010361610398704
 -0.00103127580652464
 -0.00102574816857412
 -0.00101962817346145
 -0.00101296584119501
 -0.001005806247125
 -0.000998181642871778
 -0.000990117647633783
 -0.000981632114500408
 -0.000972741611809182
 -0.000963461014061365
 -0.000953808454358457
 -0.000943804770304173
 -0.000933473412109988
 -0.000922839015587449
 -0.000911926465604919
 -0.000900759989102501
 -0.0008893600487363
 -0.000877747021438293
 -0.000865938520776777
 -0.000853951261942877
 -0.000841800193768469
 -0.000829499887215589
 -0.000817064988510151
 -0.000804509320802924
 -0.000791845460272506
 -0.000779086554414738
 -0.00076624496266479
 -0.000753331386099234
 -0.000740357144989191
 -0.000727332372759327
 -0.0007142669416892
 -0.00070116957660741
 -0.000688050116768267
 -0.000674916357466331
 -0.000661776786319365
 -0.000648637884377934
 -0.00063550730729937
 -0.000622391617045137
 -0.000609296759984936
 -0.000596228975676421
 -0.00058319433965323
 -0.00057019742944242
 -0.000557244490120897
 -0.000544339368061814
 -0.000531487596652941
 -0.000518692775307663
 -0.000505959303480203
 -0.000493290125221086
 -0.000480689893861334
 -0.000468161350569756
 -0.000455707166596116
 -0.000443331281345238
 -0.000431035295165781
 -0.000418822999516909
 -0.000406695849141699
 -0.000394656155197408
 -0.000382706611322633
 -0.000370848497616527
 -0.000359083953152148
 -0.000347414165005717
 -0.000335841403296088
 -0.000324366579104036
 -0.000312991069695199
 -0.000301716079003368
 -0.000290542731548001
 -0.000279471895993559
 -0.000268504504632603
 -0.000257641327896096
 -0.000246883112612623
 -0.000236230403915812
 -0.000225683818543257
 -0.000215243819194487
 -0.000204910808074674
 -0.00019468512835376
 -0.000184567021032191
 -0.00017455680604431
 -0.000164654567347926
 -0.00015486042746492
 -0.000145174501321074
 -0.000135596762421022
 -0.000126127225289755
 -0.000116765854704845
 -0.000107512433263024
 -9.83669234503115e-05
 -8.93291050827229e-05
 -8.03988036934897e-05
 -7.15757551177542e-05
 -6.28596526773216e-05
 -5.42502820154259e-05
 -4.57472950839493e-05
 -3.73503478904525e-05
 -2.90591001697102e-05
 -2.08730813658313e-05
 -1.2792006584065e-05
 -4.81532481061743e-06
 3.05728252404066e-06
 1.08263547969858e-05
 1.84923333365327e-05
 2.60556538265024e-05
 3.35169249090162e-05
 4.08765216861148e-05
 4.81350835458071e-05
 5.5293060182291e-05
 6.23509851670155e-05
 6.93094288329561e-05
 7.61689526405489e-05
 8.29300649947782e-05
 8.95934013156127e-05
 9.61594972428442e-05
 0.000102628881044601
 0.000109002207658099
 0.0001152800318934
 0.000121462945407332
 0.00012755148647928
 0.000133546320069244
 0.000139447966444285
 0.000145257073273093
 0.000150974233365206
 0.000156600031049955
 0.00016213504251712
 0.000167579880714464
 0.000172935194237551
 0.000178201487974288
 0.000183379439727929
 0.000188469627354444
 0.000193472576566806
 0.000198388985503851
 0.000203219407304123
 0.000207964433044273
 0.00021262464601887
 0.000217200622040061
 0.000221692960925261
 0.000226102272407755
 0.000230429122379708
 0.000234674096729684
 0.000238837769553965
 0.000242920721403314
 0.000246923525749628
 0.000250846762623241
 0.000254690996159861
 0.000258456792974657
 0.000262144726580249
 0.000265755359377015
 0.00026928924304447
 0.000272746945662392
 0.000276129024483187
 0.000279436021854695
 0.00028266849692953
 0.000285826998423156
 0.000288912069436049
 0.00029192425212319
 0.000294864092214069
 0.000297732121103085
 0.000300528878622346
 0.000303254899433399
 0.000305910708764906
 0.00030849683611426
 0.000311013810684395
 0.000313462156964203
 0.000315842390449602
 0.000318155031328962
 0.00032040059990412
 0.000322579603242107
 0.000324692562364089
 0.000326739976171193
 0.000328722357829176
 0.000330640212054441
 0.000332494044319756
 0.00033428434748272
 0.00033601162895201
 0.000337676379047719
 0.000339279098307955
 0.000340820279356606
 0.000342300407175184
 0.000343719972737469
 0.000345079463924365
 0.000346379370097097
 0.000347620168696757
 0.000348802347925714
 0.000349926379680301
 0.000350992751284328
 0.000352001933814716
 0.000352954400460989
 0.00035385063092966
 0.000354691097878527
 0.00035547626269649
 0.000356206602616807
 0.000356882583482417
 0.000357504669032424
 0.00035807332543652
 0.000358589016770003
 0.000359052205088733
 0.000359463350501248
 0.000359822915694744
 0.000360131352488605
 0.00036038912447096
 0.000360596679887681
 0.000360754483333311
 0.00036086297512194
 0.000360922621089179
 0.000360933862755596
 0.000360897158213739
 0.000360812945946281
 0.000360681685562382
 0.000360503812555032
 0.000360279783635979
 0.000360010031488907
 0.00035969501455695
 0.000359335162735433
 0.000358930922845049
 0.000358482740260318
 0.000357991045577635
 0.000357456286277486
 0.000356878894980656
 0.000356259312196755
 0.000355597972693016
 0.000354895314580257
 0.000354151765824684
 0.000353367766843854
 0.000352543747812822
 0.000351680142346882
 0.000350777378464116
 0.000349835883205861
 0.000348856096022949
 0.00034783843716468
 0.000346783339470772
 0.000345691225668059
 0.000344562526500708
 0.000343397662627365
 0.000342197058292408
 0.000340961136733951
 0.000339690324650274
 0.000338385038695434
 0.000337045708059537
 0.000335672742846373
 0.000334266565854378
 0.000332827598775949
 0.000331356253291063
 0.000329852953642867
 0.000328318109467409
 0.000326752138513717
 0.000325155448528362
 0.000323528464284421
 0.000321871586894947
 0.000320185234645911
 0.000318469815675128
 0.000316725741631404
 0.000314953414157588
 0.000313153247458682
 0.000311325650037638
 0.000309471020382218
 0.000307589765074637
 0.000305682294038722
 0.000303749002565806
 0.000301790298482224
 0.00029980657942514
 0.000297798246495955
 0.000295765695194468
 0.000293709324468544
 0.000291629532104062
 0.000289526719173922
 0.00028740126760359
 0.000285253585304807
 0.000283084051818973
 0.000280893063742521
