# Created by Octave 2.1.71, Tue Aug 23 10:39:56 2005 CEST <hermanek@staflik>
# name: h
# type: matrix
# rows: 512
# columns: 1
 3.66046685673955e-06
 3.58427101850064e-06
 3.50241952149024e-06
 3.41282908728318e-06
 3.31280833264387e-06
 3.19888647065894e-06
 3.06653187777982e-06
 2.90979978482723e-06
 2.72081343092298e-06
 2.48906634008282e-06
 2.20042688058855e-06
 1.83574798088236e-06
 1.36892571694623e-06
 7.64220005350727e-07
 -2.7392175504247e-08
 -1.07287691747487e-06
 -2.46257568001565e-06
 -4.31498154297129e-06
 -6.77646855580331e-06
 -1.00039656151974e-05
 -1.41001870872952e-05
 -1.89244894901186e-05
 -2.35864823103411e-05
 -2.51301883434126e-05
 -1.51470663615604e-05
 2.82649834256121e-05
 0.000124357044754366
 0.00192520426860673
 0.00461226357791925
 0.00506626363759299
 0.00429335599447843
 0.00334217264891166
 0.00256300400536473
 0.00199669822642842
 0.00160490049055982
 0.00141373722582989
 0.00166154525760145
 0.00197573758802537
 0.00202256214464535
 0.00184983339172195
 0.00159304214179233
 0.00134244583681799
 0.0011318069232807
 0.000956152091887611
 0.000785447318393337
 0.000600861811448909
 0.000428712874795148
 0.000290208603491194
 0.000184007539401613
 9.88078013480652e-05
 2.35255718407614e-05
 -4.78768598744228e-05
 -0.000116112467126042
 -0.000178833002526502
 -0.000235825508349919
 -0.000289648738897778
 -0.000342023456599322
 -0.000393056237937512
 -0.000442444984669285
 -0.000490066927718487
 -0.000535781346383559
 -0.000579354433993999
 -0.000620609417013732
 -0.000659268834128617
 -0.000695104914643858
 -0.000728120816259693
 -0.000758454167125124
 -0.000786230142966885
 -0.00081150389143318
 -0.00083429394331038
 -0.000854668055337389
 -0.000872781741727551
 -0.000888893266127066
 -0.000903266703047259
 -0.000916100358556819
 -0.000927546620503859
 -0.000937704454332872
 -0.000946670092542632
 -0.000954528178244319
 -0.000961338737252568
 -0.000967146855885352
 -0.000971978686652892
 -0.000975850957506735
 -0.000978789095663886
 -0.000980813575992754
 -0.000981953444611579
 -0.000982254953053832
 -0.000981754258624508
 -0.000980508931782013
 -0.0009785558114443
 -0.000975941512645429
 -0.000972698036024645
 -0.000968856147369174
 -0.000964444516891128
 -0.000959488440826383
 -0.00095401261574129
 -0.000948040259520184
 -0.000941595380368065
 -0.000934701408044304
 -0.000927383434005307
 -0.000919666368710069
 -0.00091157449441745
 -0.000903131032319027
 -0.000894358169377207
 -0.000885276638932138
 -0.00087590665206631
 -0.000866267908164011
 -0.000856378268249064
 -0.000846255145042935
 -0.000835915066303412
 -0.000825373697952118
 -0.000814645421052431
 -0.000803745150953065
 -0.000792686087415744
 -0.000781480656427477
 -0.000770142313654764
 -0.000758682387878377
 -0.000747112373390971
 -0.000735443475485511
 -0.000723685724776646
 -0.000711849794025551
 -0.000699944746000291
 -0.000687980755727561
 -0.000675965506529938
 -0.00066390827770495
 -0.00065181677111693
 -0.000639698941437953
 -0.000627561648478208
 -0.000615412026678676
 -0.000603257028316775
 -0.000591102535595615
 -0.000578954283957897
 -0.00056681831043634
 -0.000554700050635971
 -0.000542603910260504
 -0.000530535970253162
 -0.00051849947475069
 -0.000506499822323713
 -0.000494540930249011
 -0.000482626171432573
 -0.000470760173082741
 -0.000458945655469524
 -0.000447186165414005
 -0.000435485157321153
 -0.000423845549086933
 -0.000412269737958281
 -0.000400760953060201
 -0.000389320999331906
 -0.0003779529759406
 -0.000366658559893305
 -0.000355440278748302
 -0.000344299699837797
 -0.000333238351335846
 -0.000322259059740265
 -0.000311362342081644
 -0.000300550044194143
 -0.000289823514957577
 -0.000279184512693714
 -0.000268633854294196
 -0.000258172202217603
 -0.000247801316770878
 -0.000237521792026453
 -0.000227334563089889
 -0.000217240449005468
 -0.000207240111317352
 -0.000197334236832972
 -0.000187523447169989
 -0.000177808211197068
 -0.00016818902770735
 -0.000158666290311015
 -0.000149240424053972
 -0.000139911705718317
 -0.000130680357281457
 -0.000121546680991322
 -0.000112510833588747
 -0.000103572875151676
 -9.47329946876945e-05
 -8.59912382820303e-05
 -7.73476024632588e-05
 -6.88020800542237e-05
 -6.03546154344745e-05
 -5.20051949402347e-05
 -4.3753666978604e-05
 -3.55999690035556e-05
 -2.75439015853045e-05
 -1.9585266237484e-05
 -1.17239097332834e-05
 -3.95963329827804e-06
 3.70789529554452e-06
 1.1278825696609e-05
 1.87534875417156e-05
 2.6132206644127e-05
 3.34152161539443e-05
 4.06028825385986e-05
 4.76955678045909e-05
 5.46935852293524e-05
 6.15973347819295e-05
 6.84071668111379e-05
 7.51234729129092e-05
 8.17466401960837e-05
 8.82771407008749e-05
 9.47153059799999e-05
 0.00010106159912097
 0.000107316476980966
 0.000113480345931696
 0.000119553652726522
 0.000125536883332563
 0.000131430472651532
 0.000137234850824903
 0.00014295057720164
 0.000148578068904291
 0.000154117828298195
 0.000159570262105138
 0.000164935951960648
 0.000170215381514997
 0.000175408939635509
 0.000180517235505445
 0.000185540735135944
 0.000190479899705342
 0.000195335274938259
 0.000200107310214896
 0.000204796539991374
 0.000209403492026449
 0.000213928643090763
 0.000218372465233014
 0.000222735559709775
 0.000227018340948306
 0.000231221354544759
 0.000235345094881539
 0.000239390095953766
 0.000243356841029119
 0.000247245853460088
 0.000251057650896351
 0.000254792700952239
 0.00025845151199857
 0.000262034631921494
 0.000265542513205678
 0.000268975694301405
 0.000272334698886142
 0.000275619978439739
 0.000278832061674235
 0.00028197144070238
 0.000285038625729693
 0.000288034104411817
 0.000290958382729301
 0.000293811948793087
 0.000296595309111157
 0.000299308952388865
 0.000301953367964009
 0.000304529054741501
 0.000307036498642927
 0.000309476195342262
 0.000311848627708112
 0.000314154288532285
 0.000316393657965069
 0.000318567221780369
 0.000320675466774131
 0.000322718876307273
 0.000324697930446814
 0.00032661310610245
 0.000328464886071978
 0.000330253749969418
 0.000331980169897851
 0.00033364461963112
 0.000335247579045401
 0.000336789516123325
 0.000338270909642618
 0.000339692222115814
 0.000341053927073937
 0.000342356495368525
 0.0003436003908218
 0.000344786079386287
 0.000345914024641583
 0.00034698469680376
 0.000347998559161748
 0.000348956063859177
 0.000349857679009576
 0.000350703865920212
 0.000351495079323895
 0.000352231780974572
 0.000352914426067469
 0.000353543467918375
 0.000354119362493821
 0.000354642568338577
 0.000355113533133426
 0.000355532711879207
 0.000355900553302947
 0.00035621751343677
 0.000356484033108525
 0.00035670056963152
 0.000356867565087495
 0.000356985469101183
 0.000357054729691066
 0.000357075784410186
 0.000357049082967552
 0.00035697506901564
 0.000356854184800688
 0.000356686871208006
 0.000356473567805225
 0.000356214717340165
 0.000355910761180263
 0.000355562134896232
 0.000355169277356926
 0.000354732626163063
 0.000354252617681974
 0.000353729691537225
 0.0003531642726701
 0.000352556802998211
 0.000351907709668191
 0.000351217436714089
 0.000350486404396597
 0.000349715045604321
 0.000348903796526662
 0.000348053087620644
 0.000347163339322291
 0.000346234984636639
 0.000345268446438085
 0.000344264160060789
 0.000343222546142785
 0.000342144028903355
 0.000341029036010861
 0.000339877989539133
 0.000338691310581976
 0.000337469419263734
 0.000336212743662043
 0.000334921701703314
 0.000333596705919096
 0.000332238185878805
 0.000330846551966231
 0.00032942222716219
 0.000327965619875584
 0.000326477155578033
 0.000324957240576704
 0.000323406293793394
 0.000321824724048783
 0.000320212952637239
 0.000318571377242558
 0.000316900421683627
 0.000315200486023188
 0.000313471978488505
 0.000311715315177529
 0.000309930897487228
 0.000308119134829575
 0.000306280426512182
 0.000304415175393596
 0.000302523792189172
 0.000300606677353016
 0.000298664225821282
 0.000296696844975673
 0.000294704927464299
 0.000292688878369851
 0.000290649088029479
 0.000288585954745385
