# Created by Octave 2.1.71, Tue Aug 23 10:39:56 2005 CEST <hermanek@staflik>
# name: h
# type: matrix
# rows: 512
# columns: 1
 -6.26220507320136e-07
 -6.58928203190056e-07
 -6.96311405642458e-07
 -7.39074088021547e-07
 -7.88024961416094e-07
 -8.44145133734186e-07
 -9.08586703222454e-07
 -9.82715896094377e-07
 -1.06817703355535e-06
 -1.16692316250397e-06
 -1.28130352922314e-06
 -1.41411246756454e-06
 -1.56869895375556e-06
 -1.74903235590151e-06
 -1.95981487596096e-06
 -2.20654556760718e-06
 -2.49555972469293e-06
 -2.83395527189084e-06
 -3.22938303029824e-06
 -3.68951361986551e-06
 -4.22077699541223e-06
 -4.82653633844632e-06
 -5.50293674671782e-06
 -6.23249074556409e-06
 -6.97230621976286e-06
 -7.63427461372108e-06
 -8.0508863204803e-06
 -7.91702595483622e-06
 -6.68990341515072e-06
 -3.4161771560117e-06
 3.56829350562175e-06
 1.71626049231754e-05
 4.24016338867451e-05
 8.78078786445202e-05
 0.000165085966731881
 0.000265522425646027
 0.000944241504918987
 0.0030940867352614
 0.00463652786391116
 0.00493344759908022
 0.00449689016288244
 0.00385603260442987
 0.00364380454406914
 0.0037875784796347
 0.00375528547182331
 0.00343786620856198
 0.00295855837338137
 0.00241448912843331
 0.00182428854610804
 0.00127817159068515
 0.000852033702122989
 0.000551599209863852
 0.000347925459849067
 0.000217188812916369
 0.00013742852862173
 8.01391189202862e-05
 2.51597286754888e-05
 -3.50735228844225e-05
 -0.000101357570831725
 -0.00017298195980674
 -0.000247014873812215
 -0.000319332925520944
 -0.00038700469872017
 -0.000448877894902865
 -0.000504770087950076
 -0.000555014625850717
 -0.000600470889641946
 -0.000642137391365489
 -0.000680821673830352
 -0.000717030223890332
 -0.000751071451616179
 -0.000783101989030745
 -0.000813140375964951
 -0.000841160580659769
 -0.000867146912819749
 -0.000891124905494507
 -0.000913142177937213
 -0.000933276638034816
 -0.000951626586351675
 -0.000968296670100988
 -0.000983384280568358
 -0.000996979754778769
 -0.00100917102958698
 -0.00102002586523574
 -0.0010296058371069
 -0.00103796651509261
 -0.00104517100914685
 -0.00105125851516486
 -0.00105629408805596
 -0.00106031432139467
 -0.00106337726547606
 -0.00106552161889039
 -0.00106679852949692
 -0.00106724890082778
 -0.00106691261939186
 -0.00106582857579923
 -0.00106403468542017
 -0.00106156790858997
 -0.0010584598137286
 -0.00105474119650798
 -0.0010504465524488
 -0.00104560503604303
 -0.00104024195915363
 -0.00103438514541419
 -0.0010280612771494
 -0.00102129458696347
 -0.00101410871133007
 -0.00100652536577562
 -0.000998565291075678
 -0.000990246941345404
 -0.000981586997214759
 -0.00097259774363052
 -0.000963285869489856
 -0.000953656209712368
 -0.000943715369101414
 -0.000933473893437882
 -0.000922949707135648
 -0.000912165645323779
 -0.000901148845108873
 -0.000889926143528151
 -0.000878521404341648
 -0.00086695515903789
 -0.000855243369036787
 -0.000843400685442085
 -0.000831437812028545
 -0.000819365638342393
 -0.000807193002104672
 -0.000794927643048856
 -0.000782576235498609
 -0.000770143974606413
 -0.000757635513243663
 -0.000745056314973533
 -0.000732412626739823
 -0.000719710560787246
 -0.000706957879754403
 -0.000694163941778163
 -0.000681336527077318
 -0.000668484559513771
 -0.000655616730275434
 -0.000642740610990827
 -0.000629863132382489
 -0.000616990156591423
 -0.000604127400442199
 -0.000591279992417437
 -0.000578453380889691
 -0.000565651539380419
 -0.000552878794660111
 -0.00054013981397668
 -0.000527438701218951
 -0.000514779458970231
 -0.00050216599024087
 -0.000489601654501692
 -0.000477090620659649
 -0.000464635165768555
 -0.000452239299520087
 -0.000439905587996512
 -0.00042763653547062
 -0.000415435030996381
 -0.000403303443669882
 -0.000391244529464286
 -0.000379260080786794
 -0.000367352293258698
 -0.00035552286060364
 -0.00034377432678207
 -0.000332108275207455
 -0.000320525804143857
 -0.000309029324165799
 -0.000297619395730721
 -0.000286297907171449
 -0.00027506624894505
 -0.000263925774371674
 -0.000252876908753057
 -0.00024192096110872
 -0.00023105920405165
 -0.00022029242856345
 -0.000209621850075206
 -0.000199047311622635
 -0.000188570001216717
 -0.000178190536630298
 -0.000167909651510644
 -0.000157727745491751
 -0.000147645384610874
 -0.000137662894437927
 -0.000127780768409839
 -0.000117999260935344
 -0.000108318706572442
 -9.87393833720779e-05
 -8.92614697143223e-05
 -7.98851808161111e-05
 -7.06105889231229e-05
 -6.1437894928321e-05
 -5.23671119511412e-05
 -4.33982938321318e-05
 -3.45314443889903e-05
 -2.57665187054186e-05
 -1.71035580955088e-05
 -8.54241965124125e-06
 -8.30046781583212e-08
 8.27474297353124e-06
 1.65310168062956e-05
 2.46859652769624e-05
 3.273978260712e-05
 4.06926184265355e-05
 4.85447577014256e-05
 5.62963938000429e-05
 6.39478098976073e-05
 7.14992426209787e-05
 7.89509728732895e-05
 8.63033246241851e-05
 9.3556619155829e-05
 0.000100711175329032
 0.000107767309841178
 0.000114725382042542
 0.000121585792746377
 0.000128348849361581
 0.000135014947307601
 0.000141584478235403
 0.000148057874863511
 0.000154435476108238
 0.000160717753062656
 0.000166905126650524
 0.000172997969355269
 0.000178996785176421
 0.00018490193815663
 0.00019071396894532
 0.000196433232745034
 0.000202060217321071
 0.00020759540519612
 0.000213039273922184
 0.000218392207211621
 0.000223654765455567
 0.000228827412786835
 0.000233910609377673
 0.000238904811673158
 0.000243810561750217
 0.000248628306407211
 0.000253358578564863
 0.000258001816341056
 0.000262558499870921
 0.000267029239197989
 0.000271414413660552
 0.000275714580444719
 0.000279930246164051
 0.000284061913110463
 0.00028811003490341
 0.00029207519639648
 0.000295957797589549
 0.000299758460710176
 0.000303477622086329
 0.000307115805545814
 0.000310673530566786
 0.000314151312478913
 0.000317549662658319
 0.000320869044150033
 0.000324110020352063
 0.000327273078060458
 0.000330358732473652
 0.000333367495150478
 0.00033629987863914
 0.000339156392044179
 0.000341937545647497
 0.000344643855380846
 0.000347275824869681
 0.000349833968160339
 0.000352318796067057
 0.000354730820779123
 0.000357070546949935
 0.000359338485353781
 0.000361535143822081
 0.000363661036293881
 0.000365716669292123
 0.000367702546657462
 0.000369619178588052
 0.000371467072562015
 0.000373246737917877
 0.000374958672460975
 0.000376603394064645
 0.000378181395496107
 0.000379693194274622
 0.00038113928288952
 0.000382520169740195
 0.000383836360832269
 0.000385088355424664
 0.000386276655186076
 0.000387401768601791
 0.000388464188496928
 0.000389464414844488
 0.000390402954561866
 0.000391280307940085
 0.00039209696441853
 0.000392853429693096
 0.000393550202933008
 0.00039418777254903
 0.000394766643295249
 0.000395287309023077
 0.000395750266413201
 0.000396156010442487
 0.000396505034450886
 0.000396797830205572
 0.000397034892419001
 0.000397216714207866
 0.000397343791608905
 0.000397416610122379
 0.00039743566288209
 0.000397401437047719
 0.000397314431826836
 0.000397175126895749
 0.00039698401422231
 0.000396741584305755
 0.000396448317309561
 0.000396104710131635
 0.000395711240214298
 0.000395268397359318
 0.000394776665503545
 0.000394236527357554
 0.000393648473352795
 0.000393012979103989
 0.00039233052815801
 0.000391601602819553
 0.000390826688637359
 0.000390006260918952
 0.00038914079841608
 0.000388230783203037
 0.000387276696099775
 0.000386279012239601
 0.000385238210148446
 0.000384154758250054
 0.000383029146368708
 0.000381861836002698
 0.000380653310232548
 0.000379404038695629
 0.00037811449492839
 0.000376785151317537
 0.000375416478221739
 0.000374008947131734
 0.000372563026597787
 0.00037107918630831
 0.000369557893906657
 0.000367999616810859
 0.000366404821300431
 0.000364773972968362
 0.000363107536712111
 0.000361405975832599
 0.000359669753835146
 0.000357899332160945
 0.000356095172446756
 0.00035425773470055
 0.000352387477762797
 0.000350484860643638
 0.000348550340250979
 0.000346584372755611
 0.000344587414020695
 0.000342559917788168
